sample_idx,k_10,k_11,k_12,k_13,k_14,k_15,k_16,k_17,k_18,k_19,k_20
0,6,2,7,11,12,13,13,9,9,16,4
1,5,4,7,1,12,7,12,3,15,2,18
2,6,2,6,2,8,2,2,6,9,14,1
3,3,1,9,9,3,3,1,16,12,13,13
4,6,1,6,9,6,3,2,11,9,6,2
5,2,10,9,12,6,11,1,4,5,3,11
6,7,9,10,0,7,14,6,13,13,17,10
7,5,4,10,1,12,8,13,3,2,0,12
8,2,6,3,8,1,5,8,1,1,18,5
9,4,10,3,12,6,11,13,4,1,16,4
10,5,4,7,1,12,7,12,3,15,2,18
11,6,2,7,1,12,13,13,3,9,16,4
12,4,10,3,12,6,11,13,4,9,3,4
13,5,4,7,1,12,7,12,7,15,2,18
14,6,2,6,2,8,2,13,6,9,16,1
15,5,4,5,1,12,6,12,3,11,5,6
16,0,3,4,6,0,8,7,14,4,12,0
17,4,3,5,8,4,6,11,12,4,5,0
18,7,9,11,9,9,3,15,11,8,6,2
19,4,10,3,12,6,11,13,4,5,3,11
20,4,10,3,12,6,11,13,4,5,3,11
21,2,7,1,7,11,5,8,8,6,10,16
22,6,2,6,9,9,3,2,11,8,6,2
23,5,4,7,1,12,7,4,7,15,2,18
24,5,4,7,1,0,0,4,3,11,15,14
25,8,5,1,8,1,6,5,6,3,18,12
26,6,2,6,11,9,13,2,11,9,16,4
27,2,10,9,12,6,11,11,4,5,3,11
28,5,4,7,1,12,0,12,3,11,15,14
29,3,7,8,7,2,12,14,8,16,8,3
30,5,4,7,1,12,7,4,3,15,2,18
31,0,3,1,6,13,5,7,14,4,12,0
32,6,2,6,2,8,2,2,11,9,14,2
33,4,10,3,12,6,11,2,4,5,3,11
34,3,8,2,4,2,4,14,10,0,7,19
35,9,1,9,10,3,10,1,16,12,13,10
36,1,0,0,3,10,7,3,7,7,2,18
37,5,4,7,1,12,7,12,7,15,2,18
38,9,1,11,9,9,3,15,13,8,6,10
39,3,1,11,9,9,3,15,10,8,6,19
40,1,0,0,3,10,9,3,15,7,4,15
41,9,8,2,4,5,4,9,2,0,7,7
42,8,5,5,8,4,1,11,12,3,18,9
43,9,1,3,0,7,14,6,13,13,17,10
44,9,8,2,4,5,4,9,2,0,7,7
45,1,0,0,3,5,0,3,15,7,4,15
46,1,0,0,3,5,0,3,15,7,15,14
47,1,0,0,3,10,0,3,15,7,4,15
48,9,1,9,9,3,10,1,16,12,13,10
49,2,6,9,12,6,11,1,4,12,3,1
50,3,7,8,7,2,12,14,10,14,9,19
51,2,6,9,10,3,10,1,16,12,13,13
52,9,8,9,10,13,9,9,5,12,13,3
53,9,10,3,12,7,14,6,13,13,17,10
54,3,7,8,7,2,12,14,5,14,9,8
55,1,0,0,3,10,9,3,15,7,4,15
56,2,6,9,10,3,10,11,16,12,13,13
57,4,10,3,12,6,11,3,4,5,3,11
58,0,3,4,6,13,6,7,14,4,12,0
59,3,7,8,7,2,12,14,5,14,9,8
60,7,9,5,5,11,1,10,0,6,1,17
61,2,6,9,10,3,10,1,16,12,13,13
62,1,0,0,3,10,9,3,15,7,4,15
63,9,9,3,0,7,14,6,13,13,17,10
64,8,5,11,5,11,2,10,0,6,1,16
65,4,10,3,12,6,11,11,4,5,3,11
66,8,5,5,5,11,1,10,0,3,1,9
67,0,7,8,6,11,12,7,14,14,12,0
68,8,5,5,5,11,1,10,0,3,1,9
69,7,9,11,5,4,1,0,0,10,1,17
70,5,4,7,1,12,7,12,7,15,2,18
71,9,8,2,4,5,4,9,2,0,7,7
72,4,10,5,8,4,11,11,12,5,18,9
73,8,5,6,2,8,2,5,6,17,14,9
74,1,3,4,3,10,0,9,14,4,12,0
75,7,9,5,11,4,1,0,9,10,1,17
76,2,6,9,10,3,10,1,16,12,13,13
77,8,5,1,8,1,6,11,12,1,18,9
78,7,9,11,5,11,1,10,0,6,1,16
79,8,5,6,2,8,2,5,6,17,14,9
80,8,5,6,8,1,2,5,6,1,18,1
81,9,8,3,0,7,14,6,13,13,17,10
82,4,10,5,11,4,13,13,9,10,16,4
83,2,6,9,10,3,10,1,16,12,13,13
84,9,1,3,0,7,14,6,13,13,17,10
85,7,1,11,9,9,3,15,11,8,6,2
86,8,5,6,2,8,2,5,6,17,14,9
87,8,5,0,12,6,11,11,12,5,3,11
88,2,6,9,10,3,10,1,16,12,13,13
89,1,0,8,3,13,9,9,5,14,9,15
90,7,1,11,9,9,3,15,11,8,6,2
91,6,1,11,9,9,3,15,11,8,6,2
92,3,7,8,7,2,12,14,10,2,9,19
93,3,0,7,4,2,7,12,7,15,2,18
94,5,4,7,1,12,7,12,7,15,2,18
95,9,8,2,12,6,11,2,4,0,3,18
96,6,2,6,2,9,3,2,11,9,6,2
97,9,8,2,4,5,4,9,2,0,7,7
98,5,4,7,1,12,0,4,3,11,15,14
99,3,0,8,7,8,2,14,6,17,14,1
100,6,1,6,9,9,3,15,11,8,6,2
101,1,0,0,3,2,7,3,7,15,2,18
102,9,1,11,9,9,3,15,11,8,6,2
103,1,8,2,4,5,4,9,2,0,7,7
104,5,4,7,1,12,7,12,3,11,0,12
105,2,1,11,9,9,3,15,11,8,6,2
106,1,0,7,1,12,7,3,7,15,2,18
107,6,2,6,2,8,2,2,6,9,14,1
108,6,2,6,2,8,2,5,6,9,14,1
109,6,2,6,2,8,2,5,6,9,14,1
110,9,8,3,0,7,14,6,2,13,17,10
111,1,0,0,3,10,9,3,15,7,4,15
112,2,6,9,10,3,2,1,16,17,13,1
113,7,1,11,9,9,3,15,11,8,6,2
114,4,10,6,12,6,11,11,4,1,3,11
115,1,0,8,3,10,9,14,5,17,4,15
116,8,5,6,5,8,2,5,6,17,14,1
117,3,7,8,7,2,7,14,8,15,0,12
118,9,8,2,0,5,4,6,2,0,7,7
119,6,2,6,9,9,3,2,11,9,6,2
120,9,1,3,0,7,14,6,13,13,17,10
121,2,6,9,10,3,10,1,16,12,13,13
122,5,4,7,1,12,7,4,7,15,2,18
123,1,0,0,3,10,9,3,15,7,4,15
124,9,8,2,4,5,4,9,2,0,7,7
125,0,3,4,8,1,6,8,12,4,18,5
126,3,7,8,7,2,12,14,5,14,9,8
127,7,9,11,5,9,3,15,13,8,1,17
128,9,10,3,0,7,14,6,13,13,17,10
129,5,0,7,1,12,7,12,7,15,2,18
130,4,5,5,8,1,1,11,12,3,18,9
131,2,6,9,10,3,10,1,16,12,13,13
132,5,4,5,11,4,13,0,3,11,5,6
133,7,9,11,5,11,1,10,0,6,1,16
134,4,10,3,12,6,11,3,4,5,3,11
135,9,8,2,4,5,4,4,2,0,7,7
136,7,1,11,9,9,3,15,11,8,6,16
137,3,7,8,7,2,12,14,10,14,9,8
138,6,1,11,9,9,3,2,11,8,6,2
139,3,7,8,7,2,12,14,5,14,9,8
140,1,0,0,3,10,9,3,15,7,4,15
141,1,0,0,12,6,0,3,15,7,15,14
142,3,7,8,7,2,12,14,5,14,9,8
143,5,0,7,1,12,7,12,7,15,0,12
144,9,8,2,0,5,4,6,2,0,7,10
145,3,8,2,4,0,8,4,10,2,11,19
146,0,3,4,6,13,8,7,14,4,12,0
147,1,3,4,3,10,9,3,12,4,4,15
148,0,3,4,6,13,9,7,8,16,8,3
149,8,7,8,7,11,12,14,8,17,0,12
150,6,2,6,2,4,13,2,9,9,16,4
151,1,0,4,3,10,9,3,15,16,4,12
152,3,7,8,7,2,9,14,5,14,9,3
153,2,6,9,10,3,10,1,16,12,13,13
154,1,8,0,3,5,0,9,15,7,15,7
155,8,5,5,11,4,13,0,9,3,5,4
156,0,3,4,3,10,6,7,12,16,0,12
157,0,3,10,6,0,8,7,14,4,12,0
158,5,4,5,11,4,6,0,12,3,5,6
159,5,4,10,4,0,8,4,10,2,11,6
160,5,4,7,1,12,0,12,3,11,15,6
161,4,10,5,11,4,13,0,9,10,5,6
162,5,4,5,11,4,13,0,9,10,5,6
163,5,4,7,1,12,7,12,3,11,5,6
164,5,4,10,4,0,8,4,10,2,11,6
165,4,10,3,0,7,14,11,13,13,17,17
166,2,5,9,10,3,10,11,16,17,13,13
167,8,5,6,2,8,2,5,6,17,14,9
168,8,5,5,11,4,13,0,9,10,5,9
169,8,5,9,2,8,2,5,6,17,14,1
170,8,5,5,2,8,1,5,6,3,14,9
171,6,2,6,2,9,13,2,11,9,14,2
172,7,1,11,9,9,3,15,11,8,6,2
173,6,2,5,11,4,13,0,9,10,5,4
174,8,5,6,2,8,2,5,6,17,14,1
175,8,5,5,8,8,1,5,12,3,18,9
176,8,5,5,2,8,1,5,6,3,14,9
177,8,5,5,11,4,1,5,9,3,5,9
178,8,5,5,8,4,1,11,12,3,18,9
179,8,5,11,5,11,1,10,0,6,1,9
180,2,6,9,10,3,10,1,16,12,13,13
181,7,9,5,11,4,1,0,9,10,1,17
182,7,9,5,11,4,13,0,9,10,5,17
183,0,9,1,5,11,1,10,0,6,1,16
184,6,2,6,11,4,13,2,9,9,16,2
185,8,5,5,11,4,1,0,9,3,5,9
186,8,5,5,11,4,1,0,9,3,5,9
187,7,9,5,11,4,13,0,9,10,5,17
188,8,5,6,2,8,2,5,6,3,14,9
189,2,6,9,10,3,10,11,16,12,13,13
190,3,1,8,7,2,3,15,5,8,9,8
191,0,7,8,6,13,12,7,5,14,9,8
192,2,6,9,10,3,10,1,16,12,13,13
193,8,5,1,8,11,6,5,8,3,0,12
194,2,6,1,0,1,5,8,1,1,10,5
195,7,9,10,5,11,8,10,8,2,11,16
196,8,5,6,2,8,2,5,6,17,14,1
197,0,3,1,8,11,1,10,12,6,12,0
198,9,10,3,0,7,14,6,13,13,17,10
199,8,5,1,5,11,1,10,0,6,10,16
200,2,6,9,10,1,11,1,16,1,13,1
201,9,1,2,4,0,8,4,10,2,11,19
202,4,10,9,10,3,10,11,12,4,12,0
203,3,7,8,7,2,12,14,7,15,9,8
204,5,4,5,11,4,8,0,3,10,5,6
205,9,10,3,0,7,14,6,13,13,17,10
206,0,3,4,6,0,8,7,14,4,12,0
207,5,4,7,1,10,0,12,3,11,15,6
208,1,10,0,12,6,0,3,7,5,15,6
209,1,0,0,3,10,0,3,15,7,4,15
210,0,3,4,6,13,6,7,14,4,12,0
211,8,5,5,8,4,1,11,12,3,18,9
212,6,2,6,2,8,2,2,11,17,14,2
213,7,1,11,4,0,3,15,10,8,11,19
214,4,10,3,11,4,14,0,9,10,5,17
215,3,7,8,7,11,12,10,0,14,9,8
216,9,10,3,0,7,14,6,13,13,17,10
217,8,5,8,7,8,12,5,5,17,9,8
218,8,5,9,2,8,10,5,16,17,14,13
219,0,6,1,8,1,5,8,1,6,10,5
220,5,4,5,11,4,13,13,9,10,16,4
221,5,4,7,1,12,13,12,3,11,15,6
222,0,3,4,6,13,12,7,8,16,8,3
223,2,6,9,10,3,10,1,16,12,13,13
224,0,3,1,6,0,5,8,8,16,10,5
225,5,4,7,1,12,7,12,7,15,2,18
226,7,9,10,5,0,8,4,13,2,11,19
227,0,3,1,0,1,5,8,1,16,8,5
228,4,0,7,1,12,0,3,3,11,18,14
229,9,8,2,4,5,4,9,2,0,7,7
230,2,6,9,10,3,10,1,16,12,13,13
231,1,0,0,3,10,0,3,15,7,4,15
232,2,9,1,5,1,5,8,1,6,10,5
233,5,4,7,1,12,13,13,3,11,16,4
234,2,7,1,5,11,12,10,0,6,10,16
235,0,3,4,6,13,5,7,8,16,8,0
236,2,7,1,7,1,5,8,8,16,8,3
237,3,7,8,7,2,12,14,5,14,9,3
238,7,9,11,5,9,3,10,0,8,1,16
239,9,10,3,0,5,14,6,2,13,17,7
240,5,4,7,1,12,7,12,3,11,15,14
241,0,3,10,6,0,8,7,8,16,8,0
242,8,5,7,1,12,2,5,6,3,0,12
243,4,5,5,8,4,13,13,12,3,18,4
244,7,9,11,5,11,3,10,0,6,1,16
245,3,7,8,7,2,12,14,5,14,9,8
246,1,3,4,3,13,9,3,15,16,8,3
247,0,3,4,6,13,9,7,8,16,8,3
248,0,3,4,10,13,9,8,8,16,8,3
249,9,8,2,0,13,4,6,2,0,8,3
250,0,7,4,6,13,12,14,8,16,8,3
251,0,3,4,6,0,6,7,14,4,12,0
252,0,7,8,6,13,12,14,8,16,8,3
253,9,8,2,4,0,8,4,10,2,11,19
254,0,3,4,6,12,6,8,8,16,8,14
255,2,6,1,10,3,5,8,1,12,10,3
256,7,9,11,5,11,1,10,0,6,1,16
257,2,6,1,8,1,11,8,1,1,18,5
258,0,3,1,6,1,5,8,8,16,10,5
259,0,3,4,6,13,6,7,8,16,8,12
260,2,6,9,10,3,10,1,16,12,13,13
261,0,7,4,6,13,9,7,8,16,8,3
262,0,3,4,6,13,9,7,8,16,12,0
263,2,6,1,10,3,5,8,1,6,10,5
264,0,3,10,6,0,8,4,14,2,11,0
265,0,3,4,6,13,9,7,14,4,12,0
266,1,0,8,7,13,9,14,5,14,9,3
267,3,8,2,4,5,4,9,2,0,7,7
268,6,2,5,11,4,13,13,9,10,16,4
269,8,5,5,2,8,2,5,6,3,14,9
270,5,4,7,1,12,7,0,7,15,2,6
271,2,6,9,10,3,10,1,16,12,13,13
272,8,5,5,8,11,6,12,8,3,0,12
273,8,5,5,8,4,1,5,6,3,18,9
274,7,9,11,9,9,3,15,11,8,16,2
275,5,4,7,1,12,6,12,3,11,0,12
276,1,0,0,3,10,9,3,15,7,4,15
277,3,7,8,7,2,12,14,5,14,9,8
278,8,5,5,11,4,1,0,9,10,5,9
279,7,1,11,9,9,3,15,10,8,6,19
280,9,8,2,4,5,4,9,2,0,7,7
281,6,5,5,11,4,13,0,9,10,5,9
282,7,1,11,9,9,3,15,11,8,6,2
283,6,1,11,9,9,3,15,11,8,6,2
284,0,3,4,6,13,9,7,8,16,8,3
285,7,9,11,0,7,14,6,13,13,17,17
286,1,0,0,3,10,0,3,15,7,4,15
287,6,1,11,9,9,3,15,11,8,6,2
288,6,2,6,2,4,13,13,9,9,16,4
289,2,6,1,10,3,5,8,16,12,10,3
290,6,2,6,2,9,13,2,11,9,16,2
291,2,1,11,9,3,3,15,11,17,6,1
292,0,3,4,6,13,9,8,15,16,8,14
293,2,3,1,0,7,5,8,1,13,10,5
294,9,6,9,0,7,14,6,13,13,17,10
295,0,6,1,10,1,5,8,1,6,10,5
296,8,5,6,2,8,2,5,6,17,14,1
297,7,9,3,9,9,3,13,13,9,16,4
298,7,1,11,9,9,3,15,11,8,6,2
299,7,9,10,5,11,8,10,8,2,11,16
300,0,3,1,8,1,5,8,1,16,18,5
301,0,3,1,0,1,5,8,1,16,10,5
302,5,4,10,1,0,8,4,10,2,11,19
303,7,9,1,5,7,5,10,13,6,10,16
304,2,6,1,0,1,5,8,1,1,10,5
305,5,4,10,4,0,8,4,10,2,11,19
306,4,10,3,11,4,13,13,9,11,16,4
307,4,10,5,8,6,11,11,12,5,18,9
308,8,5,5,5,11,1,0,0,3,5,6
309,0,3,4,6,13,9,7,14,4,12,0
310,8,5,5,8,4,6,11,12,3,5,9
311,6,1,6,9,9,3,2,11,9,6,2
312,2,6,9,8,1,11,11,1,1,18,5
313,7,9,10,4,0,8,4,10,2,11,19
314,1,0,4,3,10,9,3,15,7,4,15
315,8,5,6,2,8,2,5,6,17,14,1
316,9,6,3,0,7,14,6,13,13,17,10
317,5,4,7,1,12,6,12,3,11,0,12
318,9,8,2,4,0,8,4,10,2,11,19
319,8,5,5,11,4,1,0,9,3,5,9
320,0,3,4,6,13,9,7,14,4,12,0
321,9,8,2,4,5,4,9,2,0,7,7
322,1,0,8,3,10,9,14,7,15,4,15
323,0,3,4,6,13,9,7,8,16,8,3
324,0,7,10,6,0,8,4,8,2,11,19
325,6,2,5,11,4,13,13,9,10,16,4
326,0,3,4,6,13,9,8,8,16,8,3
327,6,2,6,2,8,2,2,6,9,14,1
328,9,8,2,4,5,4,4,2,0,7,7
329,4,10,3,12,6,11,2,4,5,3,11
330,2,6,9,10,3,10,1,16,12,13,13
331,1,0,0,3,10,0,3,15,7,15,14
332,1,0,0,3,10,0,3,12,7,4,15
333,2,1,11,9,3,3,15,11,8,6,2
334,7,7,8,5,11,12,10,0,6,1,16
335,0,7,10,5,11,6,10,8,6,0,16
336,4,10,3,12,6,11,11,4,5,3,11
337,7,1,11,9,9,3,15,10,8,6,19
338,1,0,0,12,6,11,3,15,7,4,15
339,0,3,10,6,0,8,7,14,4,12,0
340,4,9,5,11,4,13,13,9,10,16,4
341,2,6,1,8,1,5,8,1,1,10,5
342,0,9,1,5,11,5,10,8,6,10,16
343,5,4,7,1,12,7,12,3,11,2,18
344,3,7,8,7,2,12,14,8,15,0,12
345,5,4,7,1,12,6,12,3,11,0,12
346,7,5,11,5,11,1,10,0,6,1,16
347,2,6,1,10,7,5,1,1,13,10,5
348,1,0,0,3,10,0,3,15,11,15,14
349,6,2,5,11,4,13,13,9,9,16,4
350,5,4,7,1,12,0,13,3,11,15,14
351,5,4,7,1,12,0,12,3,11,15,14
352,7,1,11,9,9,3,15,0,8,1,17
353,8,5,6,2,8,2,5,6,17,14,9
354,8,5,5,11,4,1,0,9,3,5,9
355,1,0,0,3,10,0,3,15,7,4,15
356,9,1,11,9,7,3,15,13,8,6,10
357,8,5,5,11,4,6,13,12,3,5,12
358,2,6,1,8,1,5,8,8,16,10,5
359,4,10,0,8,1,11,3,1,1,18,5
360,6,2,6,2,9,13,2,11,9,16,2
361,6,2,6,9,9,3,2,11,9,6,2
362,0,8,4,6,5,4,9,14,4,12,0
363,8,5,6,2,8,2,5,6,17,14,9
364,3,0,8,7,2,7,14,7,17,9,8
365,5,4,10,6,0,8,4,3,2,11,19
366,2,9,1,5,1,5,8,1,6,10,5
367,9,1,3,0,7,14,6,13,13,17,10
368,4,10,3,12,6,11,6,4,5,3,11
369,9,8,2,4,5,4,9,2,0,7,7
370,5,4,10,4,0,8,4,10,2,11,19
371,9,9,3,0,7,14,6,13,13,17,17
372,8,5,1,8,1,1,11,12,1,18,9
373,2,0,9,3,13,9,1,15,16,8,3
374,5,4,7,1,12,7,12,3,11,0,12
375,2,6,1,8,1,5,8,1,6,10,5
376,2,0,9,10,3,9,14,5,12,13,3
377,5,4,10,1,0,8,4,3,2,11,19
378,3,7,8,7,2,12,14,5,14,9,8
379,3,4,10,4,0,8,4,10,2,11,19
380,2,6,9,10,3,10,1,16,12,13,13
381,4,4,7,1,12,0,13,3,11,15,14
382,3,0,8,7,13,9,14,5,14,9,8
383,0,8,2,4,5,4,9,14,4,12,0
384,1,0,0,3,10,9,3,15,7,4,15
385,0,3,4,6,13,6,7,14,4,12,0
386,8,5,5,2,8,1,5,6,3,14,9
387,1,3,4,8,10,6,11,12,4,18,0
388,8,5,8,7,11,6,10,0,3,0,8
389,0,3,4,6,0,8,7,8,16,8,3
390,2,6,1,10,1,5,8,1,6,10,5
391,4,10,0,12,6,0,11,4,5,15,6
392,3,7,2,7,2,12,14,10,14,8,3
393,4,10,3,0,7,14,6,13,13,17,17
394,0,3,1,6,1,5,8,8,16,10,5
395,9,8,2,4,5,4,9,2,0,7,7
396,5,4,7,1,10,0,12,3,11,15,14
397,2,6,9,10,3,10,1,16,12,13,13
398,2,6,1,10,1,5,8,1,1,10,5
399,2,6,1,0,1,5,8,1,1,8,5
400,2,6,1,0,1,5,8,1,1,8,5
401,0,3,4,6,13,9,7,8,16,8,3
402,3,7,8,7,2,12,14,5,14,9,8
403,2,6,1,8,1,5,8,1,1,10,5
404,1,0,0,3,10,9,3,15,7,4,15
405,5,4,10,1,0,8,4,3,2,11,19
406,5,3,4,6,10,6,7,12,4,15,6
407,2,6,9,10,3,10,1,16,17,13,1
408,1,8,2,3,5,9,9,2,0,7,3
409,5,7,7,1,12,6,12,8,15,0,12
410,9,6,3,0,7,14,6,13,13,17,10
411,2,9,1,5,11,5,10,1,6,10,16
412,3,7,8,7,2,12,14,5,14,9,8
413,7,9,5,11,4,1,0,9,10,5,17
414,0,3,4,8,10,6,8,12,16,18,12
415,3,7,8,7,2,12,14,5,14,9,3
416,0,7,10,6,11,8,7,14,6,12,0
417,5,4,7,1,12,6,12,12,3,0,6
418,4,3,4,8,1,6,11,12,4,18,0
419,9,8,2,4,5,4,9,2,0,7,7
420,7,9,1,5,11,1,10,0,6,1,16
421,4,10,3,0,6,0,3,3,11,15,14
422,5,4,7,1,12,6,12,8,16,0,12
423,0,3,4,6,13,9,8,8,16,8,3
424,9,8,2,4,5,4,9,2,0,7,7
425,4,10,3,12,6,11,11,4,5,3,11
426,0,7,4,6,13,9,7,5,14,12,0
427,1,10,0,3,5,0,3,15,7,15,14
428,5,4,10,4,0,8,4,10,2,11,19
429,5,4,7,1,12,7,12,7,15,2,6
430,6,10,6,12,6,11,11,4,5,3,11
431,7,1,11,9,9,3,15,11,8,6,2
432,5,4,7,1,12,7,12,7,11,15,6
433,7,9,11,5,11,1,10,0,6,1,16
434,7,1,11,9,9,3,15,11,8,6,2
435,6,2,6,11,4,13,2,9,9,16,4
436,4,10,3,12,6,11,11,4,5,3,11
437,4,10,0,12,6,11,11,4,5,3,11
438,6,2,6,2,8,2,2,11,9,14,2
439,8,5,6,2,8,2,5,6,17,14,1
440,0,3,4,6,13,9,7,8,16,8,3
441,5,4,7,1,12,7,0,7,15,2,6
442,1,10,0,12,6,11,3,4,5,3,11
443,2,6,9,10,3,10,1,16,12,13,13
444,9,1,11,9,9,3,15,11,8,6,2
445,7,1,11,9,9,3,15,11,8,6,10
446,3,7,8,7,2,12,14,5,14,9,8
447,5,4,5,11,4,7,0,7,10,5,6
448,7,1,11,9,9,3,15,11,8,6,2
449,1,0,0,3,10,11,3,15,7,4,15
450,9,8,2,4,5,4,9,2,0,7,7
451,1,0,0,3,10,9,3,15,7,4,15
452,4,10,0,12,6,11,3,4,5,3,11
453,3,7,10,4,2,8,4,10,2,11,19
454,1,0,7,3,10,6,12,7,15,0,12
455,8,5,5,2,8,2,5,6,3,14,9
456,7,1,11,9,9,3,15,10,8,6,19
457,1,0,0,3,10,11,3,15,7,4,15
458,4,9,5,11,4,13,13,9,10,16,4
459,7,9,10,5,0,8,4,10,2,11,19
460,7,1,11,9,9,3,15,11,8,6,2
461,1,0,0,12,6,11,3,4,7,4,15
462,5,4,10,1,0,8,4,3,2,11,6
463,6,2,7,1,12,7,2,7,9,2,18
464,4,10,3,12,6,11,13,4,5,3,11
465,2,6,9,8,1,11,11,1,1,18,5
466,5,4,7,1,12,7,12,7,15,2,18
467,5,0,7,1,12,7,12,7,15,2,18
468,5,4,10,4,0,8,4,3,2,11,19
469,0,7,8,7,13,9,14,5,14,9,3
470,0,3,4,6,13,9,7,14,4,12,0
471,4,10,1,8,1,11,11,12,1,18,5
472,8,5,5,6,11,6,7,12,3,0,12
473,5,4,7,1,12,6,12,3,11,0,12
474,1,3,0,3,10,0,3,15,11,15,14
475,4,10,3,0,7,14,6,13,13,17,10
476,8,5,6,2,8,2,5,6,17,14,1
477,3,7,8,7,2,12,14,5,14,9,8
478,3,7,8,7,2,12,14,5,14,9,8
479,4,10,3,12,6,11,11,4,5,3,11
480,4,10,3,12,6,11,11,4,5,3,11
481,8,5,8,5,11,1,10,0,6,1,16
482,0,3,4,6,13,9,7,14,4,12,0
483,8,7,8,7,11,6,7,0,3,0,8
484,0,3,4,6,13,12,7,14,4,12,0
485,0,3,4,6,13,6,7,14,4,12,0
486,3,1,2,4,9,7,15,7,8,2,18
487,1,0,8,3,10,9,14,7,15,4,15
488,8,5,5,11,4,13,13,9,3,16,4
489,9,1,11,9,9,3,15,11,8,6,2
490,7,9,11,5,4,1,10,0,10,1,17
491,9,1,2,9,7,14,6,2,0,7,10
492,6,2,3,11,6,13,13,9,9,16,4
493,6,2,6,12,6,11,2,4,9,3,11
494,3,9,10,5,0,8,4,10,2,11,19
495,4,9,3,0,7,14,6,13,13,17,10
496,9,10,3,0,7,14,6,13,13,17,10
497,2,6,9,10,3,10,1,16,12,13,13
498,7,9,11,5,11,1,10,0,8,1,17
499,5,4,7,1,10,6,12,12,15,0,12
500,2,6,9,10,3,10,1,1,1,13,5
501,4,10,3,0,7,14,6,13,13,17,10
502,9,8,2,10,3,4,9,5,12,13,13
503,8,5,1,8,11,1,10,0,6,1,9
504,4,9,3,11,7,13,13,9,10,16,4
505,5,4,10,6,0,8,4,10,2,11,19
506,5,4,7,1,12,7,12,3,11,15,18
507,1,0,4,3,13,9,7,15,16,8,3
508,6,2,7,1,12,13,13,3,9,16,4
509,4,10,3,8,1,5,11,1,1,18,5
510,3,7,8,7,13,12,14,5,14,9,8
511,4,9,5,11,4,13,0,9,10,5,17
512,6,2,6,2,8,2,5,6,9,14,1
513,6,2,6,2,8,2,5,6,17,14,1
514,2,6,9,10,3,10,1,16,12,13,13
515,6,2,6,2,9,13,2,11,9,16,2
516,8,0,6,2,8,2,5,6,17,14,1
517,6,1,11,9,9,3,15,11,9,6,2
518,8,7,1,5,11,12,10,0,6,10,16
519,6,2,6,2,8,2,2,6,17,14,1
520,6,2,6,2,8,2,5,6,17,14,1
521,6,2,6,9,9,3,2,11,9,6,2
522,6,2,7,1,12,13,13,3,9,16,4
523,2,6,1,8,1,5,8,1,1,18,5
524,2,6,1,8,1,5,8,1,1,18,5
525,1,0,0,3,10,9,3,15,7,4,15
526,6,2,6,2,6,2,2,4,9,14,1
527,6,2,6,2,8,2,2,6,9,14,1
528,3,2,6,2,8,2,5,6,17,14,1
529,8,7,8,7,8,2,5,6,17,14,1
530,5,2,7,1,12,13,13,3,11,16,4
531,4,10,3,11,4,13,13,9,9,16,4
532,4,10,0,12,6,11,11,4,5,3,11
533,9,8,2,4,5,4,2,2,0,7,18
534,6,1,3,12,6,11,2,4,9,3,2
535,2,6,9,12,6,11,11,4,1,3,11
536,6,2,6,12,6,11,2,4,5,3,11
537,6,2,6,9,9,3,2,11,9,6,2
538,3,7,8,7,2,12,14,5,14,9,8
539,6,2,6,2,8,2,2,6,9,14,1
540,8,5,5,11,4,13,0,9,10,5,9
541,2,6,9,10,3,10,1,16,12,13,13
542,9,10,3,12,5,14,6,2,5,3,7
543,1,10,0,12,6,11,3,4,5,3,11
544,9,10,3,12,6,11,6,4,13,3,10
545,6,2,7,1,12,7,2,7,15,2,18
546,9,8,2,10,3,10,1,16,12,13,13
547,7,1,11,9,9,3,15,11,8,6,2
548,9,1,11,9,9,3,15,10,8,6,19
549,6,2,6,2,6,2,2,4,9,3,2
550,8,5,8,2,8,2,5,6,17,14,1
551,7,9,5,11,4,13,0,9,10,5,17
552,9,10,3,12,6,11,11,4,5,3,11
553,9,8,2,4,5,4,9,2,0,7,7
554,8,5,8,2,8,2,5,6,17,14,8
555,5,4,7,1,12,7,12,7,11,2,6
556,6,2,6,2,8,2,2,6,9,14,1
557,7,9,11,9,9,3,15,13,8,6,17
558,6,2,6,2,6,11,11,4,5,3,11
559,9,8,2,4,5,4,9,2,0,7,7
560,3,4,8,4,2,7,9,7,15,2,18
561,5,4,10,4,0,8,4,3,11,15,6
562,1,8,2,4,5,4,9,2,0,7,7
563,5,4,7,1,12,0,12,3,11,15,14
564,7,9,11,11,9,13,13,9,10,16,4
565,6,2,6,2,8,2,2,6,9,14,1
566,7,1,11,9,9,3,15,11,8,6,2
567,9,1,11,9,9,3,15,11,8,6,2
568,8,5,8,7,8,2,5,7,17,14,8
569,9,8,2,4,5,4,9,2,0,7,7
570,3,1,11,9,9,3,15,11,8,6,2
571,5,4,5,11,4,13,0,9,10,5,6
572,6,2,6,2,9,13,2,11,9,16,2
573,6,2,6,12,6,7,2,4,9,2,18
574,3,7,8,7,2,7,14,7,15,2,18
575,2,6,1,8,1,5,8,1,1,10,5
576,0,0,4,6,13,9,14,8,16,8,3
577,0,7,1,6,11,6,7,8,16,0,12
578,3,7,8,7,8,2,5,6,17,14,1
579,2,7,8,7,3,12,14,5,14,9,3
580,2,6,9,10,3,10,1,16,12,13,13
581,1,0,0,3,10,9,3,15,7,4,15
582,9,1,9,10,3,10,1,16,12,13,13
583,5,4,7,1,12,7,13,3,11,15,14
584,1,0,7,1,12,7,3,7,15,2,18
585,2,6,9,10,3,10,1,16,12,13,13
586,2,6,9,8,1,2,5,6,1,18,1
587,1,0,0,3,10,9,3,15,7,4,15
588,3,0,7,7,2,7,14,7,15,2,18
589,2,6,9,7,3,2,14,16,17,13,1
590,2,6,9,2,8,2,5,6,17,14,1
591,0,7,1,6,11,5,10,8,6,10,16
592,6,2,5,11,4,13,13,9,10,16,4
593,3,7,8,7,2,12,14,5,14,9,8
594,3,7,8,7,2,12,14,5,14,9,8
595,1,10,0,3,10,0,3,15,11,15,14
596,5,4,7,1,12,7,12,3,11,15,6
597,6,10,0,12,6,11,2,4,5,3,11
598,8,5,5,8,4,1,11,12,3,18,9
599,4,10,5,11,4,0,0,3,11,15,6
600,8,2,6,2,8,2,5,6,15,14,1
601,6,2,6,12,6,11,2,4,9,3,11
602,6,1,11,9,9,3,2,11,8,6,2
603,6,2,7,1,12,7,2,7,15,2,18
604,3,1,2,4,2,8,4,10,2,11,19
605,8,5,5,11,4,13,0,9,10,5,9
606,2,6,9,10,3,10,1,16,12,13,13
607,0,3,4,6,13,9,7,14,4,12,0
608,9,8,2,4,5,4,9,2,0,7,7
609,6,2,6,2,8,2,2,6,9,14,1
610,3,7,8,7,2,12,14,5,14,9,8
611,1,10,0,12,6,11,3,4,5,3,11
612,3,7,8,7,13,12,14,5,14,9,8
613,6,2,0,12,6,7,2,4,9,2,18
614,2,6,9,10,3,10,1,16,12,13,13
615,5,4,7,1,12,6,12,7,15,0,6
616,3,8,2,4,2,4,4,10,0,7,19
617,6,2,5,11,4,13,13,9,9,16,4
618,6,1,11,9,9,3,15,11,8,6,2
619,6,2,6,2,12,7,2,7,9,2,18
620,5,4,7,1,12,7,12,7,15,2,6
621,6,2,6,2,4,7,0,7,15,2,6
622,2,1,9,10,3,10,1,16,12,13,13
623,9,1,11,9,9,3,15,13,8,6,10
624,1,0,0,12,6,0,3,15,7,4,15
625,3,7,8,7,2,12,14,5,14,9,8
626,5,4,7,1,12,13,12,3,11,0,4
627,8,5,1,8,1,5,5,1,1,18,5
628,2,6,9,10,3,10,1,16,12,13,13
629,7,9,11,9,9,3,15,11,8,6,2
630,4,10,3,12,6,0,3,4,11,15,14
631,5,4,7,1,12,0,13,3,11,15,14
632,9,1,3,9,7,14,6,13,13,6,10
633,9,8,2,4,5,4,9,2,0,7,7
634,7,9,11,11,9,13,13,9,10,16,4
635,6,2,6,2,9,2,2,11,9,14,2
636,1,0,0,3,10,9,3,15,7,4,15
637,6,2,6,12,6,11,2,4,9,3,1
638,6,2,11,9,9,3,2,11,9,6,2
639,9,8,9,10,3,10,9,16,12,13,13
640,3,1,2,4,2,7,4,10,15,2,19
641,6,2,7,1,12,7,2,7,15,2,18
642,6,2,6,12,6,11,2,4,9,3,11
643,6,2,6,9,9,3,2,11,9,6,2
644,4,2,1,8,1,5,13,1,1,16,4
645,7,9,3,0,7,14,6,13,13,17,10
646,9,9,3,0,7,14,6,13,13,17,10
647,6,2,6,2,8,2,5,6,17,14,1
648,8,5,1,8,1,5,5,6,1,18,1
649,7,9,10,5,11,8,10,8,6,10,16
650,4,10,3,0,7,13,13,1,13,16,4
651,6,2,6,2,9,3,2,11,9,16,2
652,3,1,2,4,2,4,4,10,0,11,19
653,7,1,11,9,9,3,15,11,8,6,2
654,1,0,0,3,2,7,3,7,15,2,18
655,2,6,9,12,6,11,1,4,12,3,11
656,5,4,7,1,12,7,12,7,15,2,18
657,7,1,11,9,9,3,15,11,8,6,2
658,4,10,3,8,1,11,8,1,1,18,5
659,2,6,9,8,1,5,8,1,1,18,5
660,5,4,7,1,12,7,12,7,15,0,18
661,6,2,6,11,4,13,13,9,9,16,4
662,6,2,6,2,9,3,2,11,9,6,2
663,3,1,8,7,2,12,14,5,14,9,8
664,0,3,4,6,10,6,7,12,4,0,12
665,7,9,11,5,11,1,10,0,10,1,17
666,4,10,3,12,6,11,3,4,5,3,11
667,6,2,6,2,6,13,2,11,9,3,2
668,6,2,7,12,6,7,2,7,9,2,18
669,9,1,3,12,6,11,6,4,0,3,10
670,3,1,7,4,2,7,4,7,15,2,18
671,3,1,11,9,9,3,15,11,8,6,2
672,0,7,10,6,0,8,7,14,2,12,0
673,5,4,7,1,10,6,12,12,4,15,6
674,8,5,5,11,4,1,0,9,3,5,9
675,9,10,3,12,6,11,2,4,0,3,11
676,3,0,8,7,2,7,14,5,15,2,18
677,1,8,2,3,5,9,9,2,0,7,7
678,9,1,9,10,3,10,1,16,12,13,13
679,3,7,8,7,8,2,14,6,17,14,1
680,6,2,6,12,6,11,2,4,9,3,11
681,9,10,3,0,7,14,6,13,13,17,10
682,3,8,8,4,2,4,9,5,14,9,8
683,5,7,10,5,11,12,10,8,2,0,12
684,7,9,11,9,9,3,15,11,8,16,2
685,4,8,3,0,7,0,4,3,11,15,14
686,6,2,5,11,4,13,13,9,10,16,4
687,3,1,11,9,9,3,15,11,8,6,2
688,6,2,3,11,4,13,13,9,10,16,4
689,5,4,5,11,4,13,0,9,10,5,6
690,5,4,5,11,4,13,0,9,10,5,6
691,4,10,5,11,4,13,0,9,10,5,6
692,1,10,0,12,6,11,3,4,5,3,11
693,9,10,3,12,6,11,11,4,5,3,11
694,3,1,8,7,2,3,14,11,17,6,1
695,3,2,6,2,8,2,14,6,17,14,1
696,6,2,6,2,8,2,5,6,17,14,1
697,2,6,6,2,8,2,5,6,17,14,1
698,5,4,10,1,0,8,4,3,2,11,19
699,5,4,7,1,12,8,12,3,11,11,19
700,4,10,3,0,7,14,6,13,13,15,17
701,7,9,1,5,11,1,10,0,6,1,16
702,2,9,1,5,11,5,10,0,6,10,16
703,5,4,10,4,0,8,4,3,2,11,19
704,6,2,5,11,4,13,0,9,10,5,4
705,0,3,4,6,13,5,7,14,4,12,0
706,0,3,10,6,0,8,7,14,4,12,0
707,1,10,0,12,6,11,3,4,5,3,11
708,1,0,0,3,10,11,11,15,7,4,15
709,8,5,6,2,8,2,5,6,17,14,1
710,2,6,1,10,1,5,10,1,17,10,1
711,3,7,8,7,2,12,14,5,14,9,3
712,4,10,3,0,7,14,6,13,13,17,11
713,7,1,11,9,9,3,15,11,8,6,17
714,1,0,0,3,10,0,3,15,7,4,15
715,9,8,2,4,5,4,9,2,0,7,7
716,9,8,2,10,3,4,9,5,12,13,3
717,5,4,10,1,0,8,4,3,11,11,14
718,8,5,1,5,11,1,10,0,6,1,16
719,1,0,0,3,5,0,3,15,7,4,7
720,6,2,5,11,4,13,13,9,9,16,4
721,7,9,11,11,4,13,13,9,10,16,4
722,8,5,6,2,8,2,5,6,17,14,1
723,1,0,4,3,13,9,9,5,4,4,15
724,0,3,10,6,11,6,7,8,16,0,12
725,5,4,10,1,0,8,4,3,11,15,14
726,2,6,9,10,3,10,1,16,1,13,1
727,0,3,1,8,1,5,8,8,16,10,5
728,2,6,9,10,3,10,1,5,12,13,3
729,0,7,10,6,11,6,7,8,6,0,16
730,8,0,0,8,10,2,5,12,17,18,15
731,3,7,8,7,2,12,14,5,14,9,3
732,2,6,9,10,3,10,1,16,1,13,13
733,2,6,9,10,1,5,8,1,1,10,5
734,0,3,4,6,13,6,7,14,4,12,0
735,0,3,4,6,13,9,7,8,16,8,3
736,1,10,0,3,10,0,3,15,7,15,14
737,7,9,5,11,4,13,0,9,10,5,17
738,0,7,8,6,13,6,7,8,16,0,12
739,3,4,10,4,0,8,4,10,2,11,19
740,0,7,10,6,11,12,10,8,2,11,16
741,7,9,11,5,9,3,15,10,2,11,19
742,3,7,8,7,2,12,14,5,14,9,3
743,2,6,6,12,6,11,2,4,9,3,1
744,0,7,10,5,11,12,10,8,6,10,16
745,2,10,3,12,1,11,8,1,1,3,5
746,9,8,2,4,5,4,9,2,0,7,7
747,2,6,9,10,3,10,1,16,12,13,13
748,5,4,10,11,0,8,0,10,2,11,17
749,4,10,3,11,4,13,13,9,10,5,4
750,0,7,10,6,11,8,7,8,2,8,16
751,0,7,10,6,11,6,7,8,16,0,12
752,0,3,1,0,7,14,6,13,13,17,10
753,2,1,9,9,3,3,1,16,12,13,10
754,2,6,9,10,3,5,1,1,12,13,5
755,5,4,10,1,0,8,12,3,11,15,6
756,1,0,0,3,10,9,3,15,7,4,15
757,9,3,1,0,7,14,6,13,13,17,10
758,2,2,6,2,8,2,5,6,17,14,1
759,2,6,9,10,1,5,8,1,1,13,5
760,0,7,10,6,0,8,4,8,2,11,19
761,0,3,4,6,13,6,7,14,4,12,0
762,5,4,7,1,12,6,12,8,16,0,12
763,0,7,10,6,13,12,7,14,14,12,0
764,6,2,5,11,4,13,13,9,10,16,4
765,4,10,3,0,6,11,6,4,1,3,10
766,5,4,7,1,12,6,12,3,11,0,12
767,7,9,10,1,0,8,4,10,2,11,19
768,9,8,2,4,5,4,9,2,0,7,7
769,2,6,9,10,3,10,1,16,12,13,13
770,8,5,9,2,8,2,5,6,17,14,9
771,3,8,2,4,2,4,9,5,0,7,3
772,3,7,8,7,2,12,7,5,14,9,8
773,9,9,11,0,7,14,6,13,13,17,10
774,5,4,7,1,0,8,4,3,11,15,14
775,6,2,6,2,8,2,2,6,9,14,1
776,2,6,9,10,3,10,1,16,12,13,13
777,5,8,2,4,5,0,3,3,11,15,14
778,3,7,8,7,2,12,14,5,14,9,8
779,0,3,4,6,13,9,7,8,16,8,3
780,3,0,8,7,2,9,14,5,14,9,3
781,3,4,10,4,0,8,4,10,2,11,19
782,3,7,10,7,2,12,14,8,14,9,8
783,5,4,7,1,12,7,12,7,15,2,18
784,1,0,4,3,13,9,14,5,14,4,3
785,3,2,6,7,2,7,2,7,15,2,18
786,0,7,1,5,11,5,10,0,6,10,16
787,8,5,6,2,8,2,5,6,17,14,1
788,5,9,10,11,0,8,13,3,2,16,4
789,3,8,2,4,2,4,4,10,0,7,19
790,9,1,11,9,9,3,15,11,8,6,2
791,9,8,2,4,5,4,9,2,0,7,7
792,8,5,6,2,8,2,5,6,17,14,1
793,5,4,7,1,12,7,12,3,15,0,12
794,6,2,6,2,9,13,2,11,9,16,2
795,1,0,0,3,10,9,3,15,7,4,15
796,6,2,6,11,4,13,2,9,9,16,4
797,8,5,6,2,8,2,5,6,17,14,1
798,2,2,6,2,8,2,5,6,17,14,1
799,8,5,5,11,4,1,0,9,3,5,9
800,7,5,11,5,8,1,10,0,17,1,2
801,6,2,6,2,9,13,2,11,9,14,2
802,9,1,11,9,9,3,15,11,8,6,10
803,3,4,7,4,2,7,4,7,15,2,18
804,8,2,6,2,8,2,5,6,17,14,1
805,8,0,6,2,8,2,5,6,17,14,1
806,8,0,6,2,8,2,5,6,17,14,1
807,8,2,6,2,8,2,5,6,17,14,1
808,2,7,8,7,11,10,10,0,14,1,8
809,6,1,11,9,9,3,15,11,8,6,2
810,2,6,9,10,3,5,1,16,12,13,5
811,7,1,11,9,9,3,15,11,8,6,2
812,6,2,6,2,8,2,2,11,9,14,2
813,5,4,7,1,12,7,12,7,15,2,18
814,1,3,0,3,10,0,3,15,11,15,14
815,6,2,6,9,9,3,2,11,9,6,2
816,7,9,11,11,4,13,13,9,10,16,4
817,6,2,6,12,6,11,2,4,9,16,1
818,5,4,7,1,12,7,4,7,15,2,18
819,3,1,8,7,2,3,14,11,15,2,18
820,2,6,9,10,3,10,1,16,12,13,13
821,4,10,3,12,6,11,13,4,5,3,11
822,7,9,11,5,7,3,15,13,8,1,17
823,9,10,3,0,7,14,6,13,13,17,10
824,5,4,7,1,12,7,12,7,15,0,18
825,0,7,10,6,0,8,4,8,2,11,19
826,2,6,1,8,1,5,8,1,1,18,5
827,5,4,7,4,12,7,4,10,15,2,18
828,9,8,2,4,5,4,4,10,0,7,19
829,3,7,10,5,11,12,10,0,6,11,16
830,1,8,0,3,5,0,3,15,7,7,7
831,1,0,0,3,10,0,3,15,7,15,14
832,1,10,0,12,6,11,3,4,7,3,11
833,4,10,3,8,1,0,8,1,1,18,14
834,6,2,6,12,6,11,2,4,9,3,18
835,1,8,0,3,5,0,3,15,7,7,14
836,7,1,11,9,9,3,15,11,8,6,2
837,0,7,10,6,11,12,7,8,6,9,16
838,1,0,9,3,3,11,1,15,7,13,15
839,7,7,11,5,11,12,10,0,6,1,16
840,4,6,1,8,1,5,8,1,1,18,5
841,6,2,6,12,6,11,2,4,9,3,11
842,6,2,6,12,6,11,2,4,9,3,11
843,6,2,6,2,12,13,13,6,9,16,4
844,7,1,11,9,9,3,15,11,8,6,2
845,9,9,11,0,7,14,4,13,13,17,19
846,9,8,2,0,7,14,6,2,13,17,10
847,9,1,11,9,9,3,15,11,8,6,2
848,8,2,6,2,8,2,5,6,15,14,1
849,9,8,2,4,5,4,6,2,0,7,10
850,1,0,0,3,10,9,3,15,7,4,15
851,0,7,10,5,11,6,10,8,16,0,12
852,2,6,1,8,1,5,8,1,1,18,5
853,5,4,7,1,12,7,12,3,11,2,18
854,3,8,2,4,2,4,4,10,0,7,18
855,5,4,7,1,12,6,12,8,16,0,12
856,0,0,4,6,10,6,8,8,16,0,12
857,3,7,8,7,13,9,14,5,14,9,3
858,0,3,4,6,13,9,8,8,16,8,3
859,9,8,2,4,5,4,9,2,0,7,7
860,6,1,11,9,9,3,15,11,8,6,2
861,3,8,2,4,2,4,4,10,0,7,19
862,3,8,2,4,2,4,4,10,0,7,19
863,6,2,6,11,4,13,13,9,9,16,4
864,1,0,0,3,10,0,3,15,7,4,15
865,2,6,9,12,6,11,1,4,1,3,11
866,6,2,7,1,12,7,2,7,9,2,18
867,0,3,4,8,10,9,8,8,16,8,5
868,1,8,2,4,5,4,9,2,0,7,7
869,8,5,6,8,8,2,5,6,3,16,4
870,3,7,8,7,2,12,14,10,14,9,8
871,5,4,7,1,12,13,13,3,11,16,4
872,1,0,7,1,12,7,12,7,15,2,18
873,9,8,2,10,13,9,1,2,12,8,3
874,7,1,11,9,9,3,15,11,8,6,10
875,4,10,3,0,7,14,6,1,13,17,5
876,7,9,11,9,9,3,15,11,8,6,2
877,0,7,10,6,13,12,7,8,16,8,3
878,0,3,4,6,13,6,7,8,16,8,12
879,2,6,1,8,1,5,8,1,1,10,5
880,2,6,1,10,1,5,10,1,6,10,16
881,9,8,2,4,5,4,6,2,0,7,10
882,7,9,11,0,7,14,6,13,13,17,10
883,6,2,6,2,6,13,2,4,9,16,4
884,0,3,4,6,13,8,7,8,16,8,3
885,6,2,6,2,8,2,5,6,9,14,1
886,4,10,3,8,1,13,13,1,1,18,5
887,4,10,3,12,6,11,6,4,5,3,11
888,9,1,2,4,2,4,4,10,0,7,19
889,0,3,1,0,7,5,8,1,16,10,5
890,9,8,2,0,7,14,6,2,0,17,10
891,9,9,11,0,7,14,6,13,13,17,10
892,9,8,2,4,5,4,9,2,0,7,7
893,1,0,8,7,10,7,14,7,15,4,18
894,2,6,9,10,3,10,1,16,12,13,13
895,1,3,4,3,10,9,3,15,16,8,3
896,0,7,10,6,13,8,4,10,2,8,3
897,3,0,8,7,2,7,14,7,15,2,18
898,1,8,0,3,5,0,3,15,7,15,14
899,5,4,7,1,12,7,12,3,11,15,14
900,7,1,11,9,9,3,15,11,8,6,2
901,1,0,0,3,5,0,3,15,7,15,14
902,1,8,2,12,5,4,9,2,0,7,7
903,0,8,2,4,0,8,4,10,2,11,19
904,9,8,10,4,0,8,4,14,2,11,19
905,7,9,3,0,7,14,6,13,13,17,10
906,5,4,7,1,12,0,13,3,11,15,14
907,3,1,2,4,2,3,15,10,8,2,19
908,9,1,2,9,9,3,15,11,8,6,2
909,6,1,3,9,9,3,2,11,9,6,2
910,0,3,4,6,13,6,7,14,4,12,0
911,4,9,5,11,4,13,0,9,10,5,17
912,4,10,3,12,6,11,2,4,5,3,11
913,5,4,7,1,12,0,12,3,11,15,14
914,5,4,7,1,12,13,13,3,2,16,4
915,3,7,10,5,0,8,4,10,2,11,19
916,3,7,8,7,2,12,14,5,14,9,8
917,2,6,9,10,3,5,1,1,12,13,5
918,6,2,6,2,8,2,2,6,17,14,1
919,3,8,2,4,2,4,4,10,0,7,19
920,2,6,9,10,3,10,1,16,12,13,13
921,3,7,2,7,2,12,14,5,14,9,3
922,6,2,6,2,8,2,5,6,17,14,1
923,1,0,0,3,10,9,3,15,7,4,15
924,6,2,6,2,8,2,5,6,17,14,1
925,3,7,8,7,2,12,14,7,15,9,8
926,6,2,7,1,12,7,12,7,15,2,18
927,2,6,9,10,3,2,1,16,17,13,1
928,6,2,6,2,8,2,5,6,17,14,1
929,6,2,6,12,6,2,2,4,17,3,1
930,5,4,7,1,12,0,12,3,11,15,14
931,2,6,9,10,3,10,1,16,12,13,13
932,5,4,7,1,12,8,12,3,2,0,12
933,5,4,7,1,12,7,12,7,15,2,18
934,9,8,2,0,5,0,4,2,0,8,14
935,3,7,8,7,2,12,14,5,14,9,3
936,2,6,9,10,3,10,1,16,12,13,3
937,0,7,1,8,11,6,14,8,16,0,12
938,2,6,9,10,1,11,1,16,1,13,1
939,6,2,0,12,6,11,2,4,9,2,18
940,6,2,7,1,12,7,2,7,9,2,18
941,7,9,3,0,7,14,6,13,13,17,10
942,1,0,8,3,10,9,14,15,7,4,15
943,0,9,10,5,11,8,10,8,2,10,16
944,5,4,7,1,5,0,0,3,11,15,6
945,2,6,9,10,3,10,1,16,12,13,13
946,1,0,4,3,13,9,14,8,16,8,3
947,0,3,10,6,0,8,4,3,11,8,14
948,5,4,7,1,12,7,12,7,15,0,12
949,6,2,6,2,8,2,5,6,9,14,1
950,0,3,4,6,10,0,3,8,16,8,14
951,5,4,7,1,0,8,4,3,2,11,19
952,5,4,7,1,12,13,13,3,11,16,4
953,6,2,0,12,6,11,3,4,7,3,11
954,2,6,1,10,1,5,8,1,1,10,5
955,2,6,6,2,8,2,5,6,17,14,1
956,7,9,10,4,0,8,4,10,2,11,19
957,7,9,11,5,7,3,15,13,8,17,17
958,7,9,11,9,9,13,13,9,10,16,4
959,4,10,3,0,7,13,13,1,1,16,4
960,3,7,8,7,2,12,14,5,14,9,8
961,5,4,7,1,12,8,4,3,11,11,14
962,5,4,10,1,0,8,4,10,2,11,19
963,4,10,3,0,7,14,6,13,13,17,10
964,5,4,7,1,12,6,12,3,15,0,12
965,4,10,7,1,12,0,13,3,11,15,14
966,9,8,2,4,5,4,9,2,0,7,7
967,5,4,7,1,12,13,13,3,3,16,4
968,5,4,10,11,0,8,0,3,11,5,17
969,2,6,1,5,11,5,10,0,6,10,16
970,6,10,3,12,6,11,2,4,9,3,11
971,7,9,10,5,0,8,4,10,2,11,19
972,5,4,7,1,12,7,12,3,11,15,14
973,7,9,10,4,0,8,4,10,2,11,19
974,4,10,3,0,7,14,6,13,13,17,10
975,6,2,6,9,9,3,2,11,9,6,2
976,6,2,6,2,8,2,2,11,9,14,1
977,2,6,9,10,3,10,1,16,12,13,13
978,9,9,3,0,7,14,6,13,13,17,10
979,5,4,7,1,12,0,13,3,11,15,14
980,0,4,7,6,12,6,12,8,16,0,12
981,7,9,10,4,0,8,4,10,2,11,19
982,0,3,10,6,0,8,4,3,2,8,19
983,4,2,3,8,1,13,13,1,1,16,4
984,1,0,7,1,12,7,3,7,15,2,18
985,4,10,3,11,6,13,13,3,1,16,4
986,5,4,7,1,12,0,12,3,11,15,14
987,4,10,3,0,7,14,6,13,13,17,10
988,9,8,2,0,7,14,6,2,13,17,10
989,1,3,4,3,10,0,3,15,16,8,14
990,2,6,9,12,6,11,1,4,1,3,11
991,4,10,3,8,1,5,8,1,1,18,5
992,5,8,2,4,0,0,4,3,11,15,14
993,7,9,11,5,9,3,10,0,2,16,16
994,0,7,10,6,0,8,4,10,2,11,19
995,8,5,1,8,11,5,10,1,6,10,16
996,5,4,7,1,12,13,13,3,11,16,4
997,0,3,4,6,13,5,8,8,16,8,3
998,4,9,3,0,7,13,13,13,13,16,4
999,0,8,10,4,0,8,4,10,2,11,19
1000,5,4,7,1,12,6,12,8,15,0,12
1001,4,2,1,8,1,13,13,1,1,16,4
1002,7,9,10,5,0,8,4,10,2,11,19
1003,4,6,1,8,1,5,8,1,1,18,5
1004,2,6,1,8,1,5,8,1,1,18,5
1005,2,6,9,10,3,2,1,16,17,13,1
1006,8,5,1,8,1,6,8,8,1,18,12
1007,9,9,2,0,7,14,4,10,2,11,19
1008,7,9,11,9,9,3,15,11,8,6,2
1009,9,8,2,4,5,4,4,2,0,8,19
1010,2,6,1,10,1,5,8,1,1,10,5
1011,2,6,1,8,1,5,8,1,1,18,5
1012,0,3,4,6,13,6,7,8,16,8,12
1013,6,2,6,2,8,13,13,6,9,16,4
1014,0,7,8,7,11,12,14,8,16,0,16
1015,0,3,4,6,13,9,8,8,16,8,3
1016,0,7,10,6,0,8,4,10,2,11,19
1017,4,4,7,1,12,13,13,3,11,16,4
1018,1,4,0,1,12,0,3,3,11,15,14
1019,4,10,0,12,10,0,11,12,5,15,6
1020,9,8,2,4,0,8,4,2,0,7,7
1021,3,8,8,7,2,4,9,5,14,9,8
1022,2,6,9,10,3,10,1,16,12,13,13
1023,4,10,3,0,7,14,6,13,13,17,17
1024,9,1,3,0,7,14,6,13,13,17,10
1025,8,5,5,11,4,1,0,9,3,5,9
1026,4,10,3,12,6,11,11,4,5,3,11
1027,3,8,8,7,13,9,9,5,14,9,8
1028,9,1,3,0,7,14,6,13,13,17,10
1029,1,3,4,3,10,0,3,15,16,8,14
1030,2,6,1,5,11,5,8,1,6,10,16
1031,4,3,3,0,7,0,8,1,16,8,14
1032,4,10,3,0,7,14,6,1,13,17,14
1033,6,2,6,12,6,11,2,4,9,3,1
1034,6,2,6,11,4,13,13,9,9,16,4
1035,1,0,0,3,10,9,3,15,7,4,15
1036,8,5,1,8,1,6,8,8,16,0,12
1037,5,4,7,1,12,7,12,3,11,15,14
1038,6,2,5,11,4,13,13,9,10,16,4
1039,4,9,3,0,7,14,13,13,13,16,4
1040,7,9,11,5,11,3,10,13,6,10,16
1041,6,2,11,9,9,13,13,11,9,16,4
1042,3,7,8,7,2,12,14,5,14,9,8
1043,8,5,5,11,4,1,0,9,3,5,9
1044,5,4,10,4,0,8,4,10,2,11,19
1045,2,6,9,10,3,10,1,16,12,13,13
1046,0,3,1,0,7,5,8,1,13,10,5
1047,9,1,11,9,9,3,15,11,8,6,2
1048,8,7,1,5,11,1,10,0,6,1,16
1049,8,5,5,11,4,1,11,0,3,5,9
1050,9,8,2,4,5,4,4,2,0,7,7
1051,3,7,8,7,2,12,14,5,14,9,3
1052,9,8,2,4,5,4,9,2,0,7,7
1053,4,10,3,0,7,0,13,3,11,15,14
1054,3,1,2,4,2,4,2,11,0,2,18
1055,0,3,4,6,11,6,7,14,4,12,0
1056,5,4,7,1,12,6,12,3,11,0,12
1057,8,5,5,11,4,1,0,9,10,5,9
1058,0,7,8,7,11,12,7,14,14,9,8
1059,0,3,4,6,13,9,7,14,4,12,0
1060,6,2,6,9,9,3,2,11,9,6,2
1061,3,1,2,4,2,7,4,10,15,2,19
1062,6,2,6,9,9,3,2,11,9,16,2
1063,4,10,3,8,1,13,13,1,1,18,4
1064,7,9,5,5,4,1,0,0,10,1,17
1065,5,4,10,11,0,8,0,3,10,5,6
1066,6,2,6,9,9,3,2,11,9,6,2
1067,0,7,10,6,11,12,14,8,16,8,16
1068,6,2,6,2,6,13,13,4,9,16,4
1069,7,7,11,5,11,12,10,0,8,1,8
1070,6,2,6,2,8,2,2,7,9,2,18
1071,6,2,6,2,8,2,2,6,9,14,1
1072,5,4,10,6,0,8,4,3,2,11,17
1073,2,6,9,10,3,10,1,16,12,13,13
1074,4,10,0,12,6,0,11,4,11,15,6
1075,0,3,1,0,1,5,8,14,4,12,0
1076,5,3,4,8,10,6,12,12,4,15,12
1077,4,5,5,8,1,1,11,12,1,18,9
1078,4,10,3,11,4,14,0,9,10,5,17
1079,1,3,0,3,10,0,3,12,4,15,14
1080,8,5,5,8,4,6,0,12,3,5,9
1081,3,4,10,4,0,8,4,10,2,11,19
1082,5,4,10,4,0,8,4,10,2,11,19
1083,3,7,8,7,8,2,5,6,17,14,8
1084,0,3,10,6,0,8,7,14,4,12,0
1085,4,10,3,0,7,14,11,13,13,17,0
1086,0,3,4,6,10,6,7,12,4,15,0
1087,3,1,11,9,2,3,15,11,8,6,2
1088,3,7,8,7,3,12,14,5,14,13,3
1089,6,2,5,11,4,13,0,9,10,5,4
1090,6,2,5,11,4,13,13,9,10,16,4
1091,2,6,1,10,1,5,8,1,6,10,5
1092,7,9,1,5,11,5,10,0,6,10,16
1093,0,3,4,6,10,6,8,8,16,8,12
1094,4,10,3,0,7,14,6,13,13,17,10
1095,7,9,10,5,0,8,0,10,2,11,17
1096,4,10,3,11,4,11,11,9,5,5,11
1097,2,6,1,8,1,5,8,1,1,10,5
1098,0,3,4,6,13,9,8,8,16,8,3
1099,6,2,6,2,8,2,5,6,9,14,1
1100,3,7,8,7,2,12,14,8,15,0,12
1101,7,9,10,1,0,13,13,3,2,16,4
1102,5,4,7,1,12,13,13,3,11,16,4
1103,1,0,0,3,5,11,9,15,5,4,7
1104,3,2,8,7,2,7,2,7,15,2,18
1105,6,1,11,9,9,3,15,11,8,6,2
1106,8,5,6,2,8,2,5,6,17,14,9
1107,7,1,11,4,9,3,15,10,8,11,19
1108,4,10,5,11,4,13,11,9,5,5,9
1109,0,3,4,10,13,10,7,14,12,12,0
1110,7,1,11,9,7,3,15,13,8,1,17
1111,5,4,7,1,12,7,12,7,15,0,6
1112,0,3,1,6,11,6,7,8,6,12,0
1113,0,7,10,5,11,1,10,0,6,1,16
1114,9,1,2,0,7,14,6,13,13,17,10
1115,2,6,1,10,3,5,8,1,6,10,13
1116,0,3,4,6,13,9,7,14,4,12,0
1117,4,9,3,0,7,13,13,1,1,16,4
1118,0,3,4,6,1,5,8,1,16,8,5
1119,5,4,10,4,0,8,4,10,2,11,19
1120,0,3,4,6,13,9,8,8,16,8,3
1121,5,2,7,1,12,13,13,3,11,16,4
1122,4,6,1,0,1,5,8,1,1,10,5
1123,0,3,4,6,13,9,7,14,4,12,0
1124,0,3,4,6,1,5,8,8,16,8,5
1125,7,9,10,5,0,8,4,10,2,11,19
1126,6,1,11,9,9,3,15,11,8,6,2
1127,1,0,0,3,10,9,3,15,7,4,15
1128,6,2,5,11,4,13,0,9,10,5,6
1129,7,9,11,11,9,3,0,10,10,11,17
1130,0,7,1,5,11,12,10,0,6,1,16
1131,3,7,8,7,11,12,10,0,14,9,8
1132,8,9,1,5,11,5,10,1,6,10,16
1133,1,0,0,3,10,7,3,15,7,4,15
1134,0,3,4,6,10,6,7,12,4,0,12
1135,8,5,5,8,11,1,10,0,3,1,9
1136,2,6,1,8,1,5,8,8,16,10,1
1137,3,7,10,4,2,7,4,10,2,11,19
1138,7,9,10,5,11,8,10,0,2,11,16
1139,8,5,6,2,8,2,5,6,3,14,1
1140,2,6,9,10,3,10,1,16,12,13,10
1141,1,0,0,3,10,9,3,15,7,4,15
1142,3,2,7,7,2,7,14,7,15,2,18
1143,0,9,1,5,11,1,10,0,6,1,16
1144,1,0,0,3,10,9,3,15,7,4,15
1145,3,7,8,7,2,12,14,5,14,9,8
1146,7,9,10,4,0,8,4,10,2,11,19
1147,4,6,1,8,1,5,8,1,1,18,5
1148,5,4,7,1,12,7,12,7,15,2,18
1149,1,0,0,3,10,0,3,15,7,4,15
1150,2,6,9,10,3,10,1,16,12,13,13
1151,7,9,11,5,11,1,10,0,6,1,17
1152,5,4,5,11,4,6,0,12,3,5,6
1153,8,5,5,12,6,11,11,12,5,5,9
1154,4,10,3,8,1,11,11,12,1,18,5
1155,5,4,7,1,12,13,13,3,11,16,4
1156,8,2,6,2,8,2,5,6,17,14,1
1157,7,5,5,11,4,1,0,0,10,5,17
1158,9,8,3,0,7,14,6,13,13,17,10
1159,1,0,0,3,2,7,3,7,15,2,18
1160,1,8,0,3,5,0,9,15,4,15,7
1161,3,8,2,4,0,8,4,10,2,11,19
1162,4,10,3,12,6,11,3,4,5,3,11
1163,2,6,9,10,3,10,1,16,12,13,13
1164,9,10,3,0,7,14,6,13,13,17,10
1165,1,0,0,3,10,0,3,15,7,4,15
1166,4,10,3,8,1,5,8,1,1,18,5
1167,2,6,6,2,8,2,5,6,17,14,1
1168,0,7,8,7,11,12,14,5,14,9,8
1169,8,5,6,2,8,2,5,6,3,14,1
1170,4,5,5,11,4,13,13,9,3,5,4
1171,4,10,3,12,6,11,11,4,5,3,11
1172,2,6,1,8,1,5,8,1,1,10,5
1173,7,5,5,11,4,1,0,9,10,5,17
1174,6,1,11,9,9,3,2,11,8,6,2
1175,6,2,6,9,9,3,2,11,9,6,2
1176,2,6,1,5,1,5,8,1,6,10,5
1177,4,10,3,12,6,11,13,4,1,16,14
1178,7,1,11,9,9,3,15,11,8,6,2
1179,8,5,6,2,8,2,5,6,3,14,9
1180,8,5,6,2,8,2,11,6,17,14,9
1181,3,8,8,4,2,7,9,7,15,2,18
1182,1,8,2,4,5,4,9,2,0,7,7
1183,5,4,7,1,12,7,12,7,15,2,6
1184,5,4,7,1,12,7,12,7,15,2,6
1185,1,10,0,12,6,0,3,4,5,15,6
1186,9,8,2,4,5,4,9,2,0,7,7
1187,5,4,7,1,5,0,12,7,11,15,6
1188,5,4,7,1,12,7,12,3,11,15,14
1189,8,0,6,2,8,2,5,6,17,14,1
1190,5,4,7,1,12,6,12,3,15,0,12
1191,6,2,6,11,4,13,13,9,9,16,4
1192,5,4,7,1,12,0,12,3,11,15,14
1193,7,5,5,11,4,1,0,9,10,5,17
1194,4,10,3,12,6,11,11,4,5,3,11
1195,5,4,7,1,12,8,12,3,11,15,6
1196,7,9,11,5,11,1,10,0,6,1,17
1197,8,5,6,2,8,2,11,6,17,14,1
1198,7,1,11,9,9,3,15,11,8,6,2
1199,5,4,10,4,0,8,4,10,2,11,19
1200,6,2,5,11,4,13,0,9,10,5,2
1201,9,1,11,9,7,3,6,13,8,6,10
1202,6,2,6,12,6,11,2,4,9,3,11
1203,3,8,2,4,5,4,9,7,0,7,7
1204,9,6,9,10,3,10,1,16,12,13,13
1205,6,2,5,11,4,13,0,9,10,5,4
1206,8,5,6,2,8,2,5,6,17,14,9
1207,9,8,2,4,5,4,9,2,0,7,7
1208,3,7,8,7,2,12,14,5,14,9,3
1209,1,0,0,3,10,6,12,7,7,4,6
1210,2,6,9,10,3,10,1,16,12,13,13
1211,3,7,8,7,2,12,14,5,14,9,3
1212,1,0,0,3,10,9,3,15,7,4,15
1213,1,8,2,3,5,4,9,2,0,7,3
1214,2,6,9,10,1,10,1,16,1,13,13
1215,7,1,11,9,9,3,15,11,8,6,2
1216,7,9,11,5,11,1,10,0,6,1,16
1217,1,0,0,3,10,9,3,15,7,4,15
1218,1,0,0,12,6,11,2,4,7,2,18
1219,8,5,11,5,11,1,10,0,17,1,9
1220,3,7,8,7,13,9,14,5,14,9,8
1221,8,5,6,2,8,2,5,6,17,14,9
1222,9,1,9,10,3,10,1,16,12,13,13
1223,2,10,9,12,6,11,11,4,5,3,11
1224,8,5,1,8,1,6,11,12,3,18,9
1225,1,8,4,3,13,9,9,14,4,12,0
1226,1,0,0,3,10,9,9,15,7,4,15
1227,8,5,5,2,8,1,11,0,17,1,9
1228,1,0,0,3,10,9,9,5,7,4,15
1229,3,7,8,7,2,12,14,5,14,9,8
1230,5,4,4,6,12,6,7,12,4,0,6
1231,6,2,6,2,8,7,2,7,15,2,18
1232,1,0,0,3,10,11,11,15,7,4,15
1233,3,7,8,7,2,12,14,5,14,9,8
1234,3,7,8,7,2,12,14,5,14,9,8
1235,3,1,8,7,8,2,14,5,17,9,8
1236,8,5,5,2,8,1,11,0,17,1,9
1237,1,4,0,1,10,0,3,3,11,15,14
1238,9,8,2,4,5,4,9,2,0,7,7
1239,9,8,2,0,5,4,9,2,0,7,7
1240,9,8,2,4,5,4,9,2,0,7,7
1241,1,0,0,3,10,9,3,15,7,4,15
1242,3,0,8,7,2,7,9,7,15,2,18
1243,1,0,9,10,3,10,9,5,12,13,13
1244,9,10,3,0,7,14,6,13,13,17,10
1245,9,8,9,10,3,10,9,16,12,13,13
1246,3,1,10,4,2,8,4,10,2,11,19
1247,5,4,7,1,12,7,0,7,11,2,6
1248,9,10,3,0,7,14,6,13,13,17,10
1249,4,3,3,0,7,14,6,14,13,17,0
1250,9,8,2,4,5,4,9,2,0,7,7
1251,5,4,10,6,0,8,7,14,4,12,0
1252,3,7,8,7,13,9,7,5,4,12,0
1253,7,9,10,5,11,8,10,0,2,11,16
1254,0,3,4,8,1,6,8,12,1,18,5
1255,9,8,2,4,3,4,9,2,0,7,7
1256,6,2,6,2,6,11,2,4,9,3,1
1257,4,10,3,8,1,13,13,1,1,18,5
1258,4,2,6,12,6,13,13,4,9,16,4
1259,9,8,2,4,5,4,9,2,0,7,7
1260,3,8,8,7,13,9,9,5,14,9,3
1261,1,0,8,3,13,9,9,5,14,4,15
1262,2,6,9,10,3,10,1,16,12,13,13
1263,3,7,8,7,2,12,14,5,14,9,8
1264,5,4,3,1,5,0,4,3,11,15,14
1265,9,8,2,4,5,4,6,2,0,7,7
1266,5,4,7,1,12,0,12,3,11,15,6
1267,5,4,10,6,0,8,4,14,2,11,0
1268,0,3,4,6,13,9,7,8,16,8,3
1269,2,6,1,8,1,11,8,1,1,18,5
1270,8,5,5,5,11,1,10,0,6,1,16
1271,3,7,8,7,13,12,14,5,14,9,8
1272,0,3,4,8,1,6,11,12,4,18,0
1273,1,0,0,3,10,9,3,15,7,4,15
1274,1,0,8,3,13,9,9,5,14,4,15
1275,8,5,6,2,8,2,5,6,17,14,1
1276,9,8,2,4,0,8,4,10,2,11,19
1277,5,4,7,1,12,7,12,3,15,0,12
1278,4,10,3,0,7,14,6,13,13,17,10
1279,0,3,1,10,13,10,7,14,6,12,0
1280,8,5,5,11,4,1,0,9,3,5,9
1281,0,7,9,10,11,10,10,0,6,12,13
1282,0,7,4,6,13,12,7,14,14,12,0
1283,9,8,2,4,5,4,9,2,0,7,7
1284,5,8,2,4,5,0,4,2,11,15,14
1285,1,0,0,3,10,9,3,15,7,4,15
1286,2,6,3,0,7,14,6,1,13,17,5
1287,0,3,4,6,13,8,7,8,16,8,3
1288,8,5,5,8,1,6,11,12,3,18,9
1289,4,9,3,11,4,13,13,9,10,16,4
1290,3,7,10,5,0,8,4,10,2,11,19
1291,0,0,4,6,10,6,7,12,4,0,12
1292,0,3,4,6,0,8,7,14,4,12,0
1293,9,8,10,4,0,8,4,14,4,12,0
1294,5,8,2,4,5,4,9,2,0,7,7
1295,8,5,8,7,8,6,5,7,3,0,8
1296,2,6,9,8,6,11,11,12,5,18,11
1297,1,0,0,3,10,0,3,15,7,4,15
1298,8,2,6,2,8,2,5,6,17,0,1
1299,4,10,3,12,6,11,11,4,5,3,11
1300,5,4,7,1,12,7,12,7,11,15,6
1301,3,8,10,4,0,8,4,10,2,11,19
1302,9,8,2,4,5,4,9,2,0,7,7
1303,1,8,2,4,5,4,9,2,0,7,7
1304,8,5,6,2,8,2,5,6,17,14,9
1305,1,0,0,3,6,11,3,4,7,4,15
1306,9,1,3,0,7,14,6,13,13,17,10
1307,7,1,11,9,9,3,15,11,8,6,2
1308,9,10,3,12,6,11,11,4,5,3,11
1309,1,0,0,3,10,9,9,15,7,4,15
1310,0,3,4,6,10,6,7,12,4,12,0
1311,8,5,5,11,4,1,0,9,10,5,9
1312,7,1,11,9,9,3,15,0,8,1,8
1313,8,0,0,3,10,11,11,12,17,4,15
1314,9,8,2,4,5,4,9,2,0,7,7
1315,9,8,9,0,7,14,6,13,13,17,13
1316,8,5,6,2,6,11,11,4,5,3,11
1317,4,10,3,12,6,11,11,12,5,3,11
1318,6,10,6,12,6,11,11,4,5,3,11
1319,7,1,11,9,9,3,15,11,8,6,2
1320,7,9,11,9,9,13,13,10,2,16,4
1321,5,4,7,1,12,7,12,7,15,0,12
1322,2,6,1,10,1,5,8,1,1,10,5
1323,8,5,11,2,8,1,5,0,17,1,9
1324,7,9,11,5,9,3,15,0,8,1,17
1325,1,3,4,3,13,9,9,14,4,12,0
1326,9,8,2,4,5,4,9,2,0,7,7
1327,1,0,0,3,10,9,3,15,7,4,15
1328,4,10,3,12,6,11,11,4,5,3,11
1329,7,9,11,9,9,3,15,10,8,11,19
1330,2,6,1,8,1,5,8,12,1,18,5
1331,8,5,8,5,11,1,10,0,6,1,8
1332,2,5,9,8,1,10,11,12,1,18,9
1333,8,5,5,8,8,1,5,0,3,1,9
1334,8,5,1,8,1,6,11,12,3,18,9
1335,4,10,3,12,6,11,11,4,5,3,11
1336,5,2,7,1,12,7,12,7,15,2,18
1337,3,7,10,7,0,8,4,10,2,11,19
1338,7,9,11,9,7,14,15,13,8,17,17
1339,1,8,2,3,5,4,9,2,4,7,7
1340,3,7,8,7,2,12,14,8,14,9,8
1341,5,4,7,1,12,8,12,3,11,15,6
1342,2,6,9,10,3,10,11,16,17,13,13
1343,1,0,7,1,12,7,12,7,15,2,18
1344,3,7,8,7,2,12,14,10,2,9,8
1345,2,6,1,10,11,10,10,0,6,1,16
1346,5,4,7,1,12,7,12,3,11,15,6
1347,2,6,9,10,3,10,1,16,12,13,13
1348,7,9,5,5,11,1,10,0,6,1,17
1349,3,7,8,7,13,9,14,5,14,9,8
1350,4,10,5,11,4,13,0,9,10,5,6
1351,2,6,9,10,3,10,1,16,12,13,13
1352,0,7,4,6,13,12,7,14,6,12,0
1353,4,5,0,8,10,6,11,12,4,18,9
1354,3,1,2,4,2,7,4,10,15,2,19
1355,7,9,5,5,11,1,0,0,10,1,17
1356,1,0,0,3,5,9,9,15,7,4,15
1357,8,5,5,8,1,6,11,12,3,18,9
1358,8,5,5,8,4,1,0,12,3,5,9
1359,4,9,5,11,4,1,0,9,10,5,17
1360,3,7,8,7,8,2,14,6,17,14,1
1361,2,6,9,10,3,10,1,16,12,13,13
1362,3,7,8,7,2,12,14,5,14,9,8
1363,5,8,2,4,5,0,9,2,11,15,7
1364,1,0,0,3,10,6,11,12,7,4,15
1365,9,8,2,4,5,4,9,2,0,7,7
1366,1,0,0,3,10,0,3,15,7,15,14
1367,1,0,0,3,10,9,3,15,7,4,15
1368,7,9,10,5,11,8,10,0,6,1,17
1369,8,5,8,5,11,1,10,0,6,1,8
1370,8,5,6,2,8,2,5,6,3,14,9
1371,9,8,2,3,5,4,9,2,0,7,7
1372,1,8,2,4,5,4,9,2,0,7,7
1373,1,0,0,3,10,7,3,7,7,4,6
1374,7,9,1,5,11,5,10,0,6,10,16
1375,0,3,10,6,0,8,7,14,4,12,0
1376,0,3,10,6,11,1,7,14,4,12,0
1377,8,5,6,2,8,2,5,6,17,14,9
1378,7,1,11,5,9,1,10,0,8,1,8
1379,1,8,0,3,5,0,9,15,7,4,7
1380,3,7,8,7,2,12,14,5,14,9,8
1381,0,3,4,6,13,8,7,14,4,12,0
1382,3,7,8,5,11,12,10,0,6,1,8
1383,0,3,4,6,13,6,7,14,4,12,0
1384,7,9,10,5,0,8,4,0,2,11,17
1385,8,7,8,7,8,6,12,7,15,0,8
1386,4,10,3,12,6,11,11,4,5,3,11
1387,4,10,3,12,6,11,11,4,5,3,11
1388,7,9,3,0,7,14,6,13,13,17,17
1389,2,6,9,10,3,10,1,16,12,13,13
1390,2,6,1,8,1,5,11,12,1,18,5
1391,1,0,0,3,10,9,3,15,7,4,15
1392,6,1,11,9,9,3,15,11,8,6,2
1393,6,2,6,12,6,11,2,4,9,3,11
1394,3,7,8,5,11,12,10,0,6,1,16
1395,8,7,8,5,8,2,10,0,17,14,8
1396,3,7,10,7,2,12,14,8,2,8,19
1397,8,2,6,2,8,2,5,6,17,14,1
1398,3,7,8,7,2,12,14,5,14,9,8
1399,2,6,9,10,3,10,1,16,12,13,13
1400,3,7,8,7,2,12,14,5,14,9,8
1401,4,10,3,0,7,14,6,13,13,17,17
1402,6,1,11,9,9,3,15,11,8,6,2
1403,3,1,2,4,2,3,15,10,8,6,19
1404,4,10,3,0,7,14,6,4,13,17,14
1405,0,3,4,8,10,6,7,12,4,18,12
1406,4,10,3,8,1,13,13,1,1,16,4
1407,2,10,6,12,6,11,11,4,5,3,11
1408,7,9,11,5,9,3,15,13,8,1,17
1409,9,8,2,4,5,4,9,2,0,7,7
1410,8,0,4,8,10,6,8,12,16,0,12
1411,9,8,3,0,7,14,6,2,13,17,10
1412,2,6,9,10,3,10,1,16,12,13,13
1413,2,6,1,0,1,5,8,1,1,10,5
1414,4,10,3,12,6,13,13,4,1,16,4
1415,7,9,5,5,11,1,10,0,6,1,16
1416,8,5,5,11,4,1,0,12,3,5,9
1417,6,1,11,9,9,3,15,11,8,6,2
1418,5,4,7,1,12,7,12,7,15,2,18
1419,6,2,6,2,9,13,2,11,9,16,2
1420,9,8,9,10,13,10,9,5,12,13,13
1421,2,6,9,10,3,10,1,16,6,10,16
1422,5,4,5,11,4,1,0,9,10,5,6
1423,5,4,7,1,12,7,12,3,11,15,14
1424,0,9,1,5,11,5,8,8,16,10,16
1425,6,2,5,11,4,13,13,9,9,16,4
1426,0,7,1,6,11,12,10,8,6,10,16
1427,4,10,3,0,7,14,6,13,13,17,10
1428,0,6,1,5,11,5,10,0,6,10,16
1429,3,7,8,7,3,12,14,5,17,13,1
1430,6,2,6,2,9,13,2,11,9,16,2
1431,4,9,5,11,4,13,0,9,10,5,17
1432,2,6,9,10,3,10,1,16,12,13,13
1433,5,4,5,11,4,1,0,9,10,5,6
1434,7,9,11,0,7,14,6,13,13,17,17
1435,5,4,5,11,4,13,0,9,10,5,6
1436,8,5,6,2,8,2,5,6,17,14,1
1437,1,0,0,3,10,0,3,15,7,4,15
1438,4,6,1,8,1,5,8,1,1,10,5
1439,7,9,3,0,7,14,6,13,13,17,10
1440,0,7,10,6,0,8,7,14,2,11,0
1441,0,3,4,6,13,9,7,14,4,12,0
1442,3,7,8,7,2,12,14,5,14,9,8
1443,9,8,2,0,7,14,6,2,13,17,10
1444,9,8,3,0,7,14,6,13,13,17,10
1445,0,3,1,8,1,5,8,1,1,18,5
1446,0,3,1,8,1,6,8,12,1,18,5
1447,0,7,4,6,13,12,14,8,16,8,3
1448,0,3,1,6,13,5,7,8,16,8,3
1449,2,6,1,0,1,5,8,1,6,10,5
1450,2,6,9,10,3,9,1,16,12,13,3
1451,0,3,4,6,0,8,7,14,16,8,14
1452,5,4,7,1,12,6,12,7,11,15,6
1453,4,10,3,0,7,0,13,3,11,15,14
1454,3,8,2,4,2,4,4,10,0,7,19
1455,9,8,2,4,5,4,9,2,0,7,7
1456,9,8,2,0,7,14,6,2,13,17,10
1457,0,3,4,6,1,5,8,8,16,8,5
1458,2,6,1,8,1,5,8,1,1,18,5
1459,4,10,3,12,6,11,2,4,9,3,11
1460,0,3,1,0,7,5,8,1,16,8,5
1461,7,9,10,5,11,8,10,0,2,1,17
1462,7,9,3,0,7,14,6,13,13,17,17
1463,1,0,0,3,10,9,3,15,7,4,15
1464,0,3,4,6,10,6,12,8,16,0,12
1465,7,9,1,5,11,5,10,0,6,10,16
1466,2,6,1,10,1,5,8,1,6,10,5
1467,7,9,11,5,9,3,15,0,8,1,17
1468,4,10,3,12,6,11,11,4,5,3,11
1469,2,6,9,10,3,10,1,16,12,13,13
1470,4,10,5,11,4,13,0,9,10,5,6
1471,7,9,11,5,11,3,10,0,6,1,16
1472,8,6,6,2,8,2,5,6,17,14,1
1473,0,7,1,5,11,5,10,0,6,10,16
1474,6,2,5,11,4,13,13,9,9,16,4
1475,2,6,9,10,3,10,1,16,12,13,13
1476,1,0,7,1,12,7,12,7,15,2,18
1477,3,7,8,7,2,12,14,11,8,9,8
1478,2,0,9,10,13,9,1,5,12,13,3
1479,3,0,8,7,2,7,14,7,15,2,18
1480,8,5,9,8,1,11,11,12,1,18,9
1481,6,1,11,9,9,3,2,11,8,6,2
1482,1,0,0,3,10,9,3,15,7,4,15
1483,7,9,11,0,7,14,6,13,13,17,10
1484,1,0,0,12,6,0,3,15,7,3,14
1485,1,0,0,3,10,9,3,15,7,4,15
1486,3,7,8,7,2,7,14,7,15,2,18
1487,2,6,9,10,3,10,1,16,12,13,13
1488,2,6,9,10,3,10,1,16,12,13,13
1489,4,2,3,11,6,13,13,9,9,16,4
1490,9,8,2,4,2,4,15,2,0,7,19
1491,7,9,11,5,11,3,10,0,6,1,16
1492,9,1,2,9,9,3,15,11,8,6,2
1493,6,2,6,2,9,3,2,11,9,6,2
1494,3,8,2,4,2,4,14,5,0,7,3
1495,1,0,0,3,10,9,3,15,7,4,15
1496,1,0,0,12,6,11,3,4,7,3,15
1497,6,2,7,1,12,7,2,7,15,2,18
1498,7,9,11,5,7,13,13,13,10,16,17
1499,7,9,11,5,11,12,10,0,6,1,16
1500,5,4,10,1,0,8,0,3,2,5,6
1501,3,0,8,7,2,7,14,7,15,2,18
1502,8,2,6,2,8,2,5,6,3,14,1
1503,8,2,6,2,8,2,5,6,17,14,1
1504,3,7,8,7,2,12,14,5,14,9,8
1505,9,8,3,0,7,14,6,13,13,17,10
1506,1,3,4,3,10,9,7,12,4,12,0
1507,8,5,8,5,11,1,10,0,3,1,8
1508,9,1,11,9,9,3,15,11,8,6,2
1509,9,10,3,12,6,11,6,4,5,3,11
1510,3,8,2,4,5,4,9,2,0,7,7
1511,4,3,3,0,7,14,6,1,13,17,10
1512,7,9,5,11,4,1,0,9,10,5,17
1513,4,10,0,8,10,11,11,12,5,18,15
1514,1,0,0,3,5,0,3,15,7,4,15
1515,1,8,2,3,5,4,9,2,0,7,7
1516,7,1,11,9,9,3,15,11,8,6,8
1517,9,8,2,4,5,4,4,2,0,7,7
1518,8,5,1,5,11,1,10,0,6,1,16
1519,1,0,4,3,13,9,9,15,7,4,3
1520,7,9,5,11,4,13,0,9,10,5,17
1521,7,1,11,9,9,3,15,11,8,6,2
1522,3,8,8,7,5,4,9,5,14,7,7
1523,1,8,2,3,5,4,9,2,0,7,7
1524,9,8,2,4,5,4,9,2,0,7,7
1525,0,3,4,6,13,6,7,14,4,12,0
1526,0,3,4,6,13,8,7,14,4,12,0
1527,9,8,2,4,0,8,4,2,0,7,7
1528,0,3,4,8,13,9,7,12,4,12,0
1529,8,5,8,7,8,10,11,5,17,14,8
1530,2,6,9,10,3,10,1,16,12,13,13
1531,0,3,4,6,13,9,7,14,4,12,0
1532,8,7,8,7,11,6,7,0,3,0,8
1533,0,8,2,4,5,4,9,14,4,12,0
1534,9,8,2,12,5,4,9,2,0,7,7
1535,9,1,11,9,9,3,15,13,8,6,2
1536,2,6,9,10,3,10,1,16,12,13,13
1537,4,3,1,8,1,5,11,1,1,18,5
